# Lattice: 60^2 B = 0 iterations = 50000 Algorithm: heatbath
# radius correlation
0 0.999775000000719
1 0.357459866666743
1.4142135623731 0.203092799999994
2 0.17636833333333
2.23606797749979 0.118427200000005
2.82842712474619 0.0835587500000056
3 0.0928444333333405
3.16227766016838 0.0685902000000027
3.60555127546399 0.0525909749999997
4 0.0470006999999984
4.12310562561766 0.0415974999999986
4.24264068711928 0.0368167999999988
4.47213595499958 0.033096999999999
5 0.0248739999999993
5.09901951359278 0.0222587249999994
5.3851648071345 0.0225484499999994
5.65685424949238 0.0159246499999996
5.8309518948453 0.0172950499999996
6 0.0110933666666664
6.08276253029822 0.0128208999999997
6.32455532033676 0.0149413749999997
6.40312423743285 0.0142703749999997
6.70820393249937 0.0120804999999998
7 0.00508349999999992
7.07106781186548 0.00685798333333327
7.21110255092798 0.00938824999999987
7.28010988928052 0.00709312499999993
7.61577310586391 0.00986917499999987
7.81024967590665 0.0102594249999998
8 0.00134246666666669
8.06225774829855 0.00444406249999996
8.24621125123532 0.0047683249999999
8.48528137423857 0.00715994999999996
8.54400374531753 0.00560692499999994
8.60232526704263 0.00936022499999982
8.94427190999916 0.00124169999999999
9 0.00140049999999998
9.05538513813742 0.00370527499999998
9.21954445729289 0.00396854999999992
9.4339811320566 0.00620829999999987
9.48683298050514 0.00402165
9.8488578017961 0.00364717499999997
9.89949493661167 0.00210014999999997
10 0.000266442857142865
10.0498756211209 -0.00136177500000002
10.1980390271856 -0.000459275000000037
10.295630140987 0.00117515
10.4403065089106 0.00177184999999997
10.6301458127346 0.002934825
10.770329614269 0.00114944999999998
10.816653826392 -0.000556425000000005
11 0.000128899999999984
11.0453610171873 -0.00376199999999998
11.1803398874989 0.000277687499999961
11.3137084989848 0.00625824999999985
11.4017542509914 0.000534137499999985
11.6619037896906 -0.00127309999999998
11.7046999107196 0.00208377499999998
12 -0.0014649666666667
12.0415945787923 0.000788812499999953
12.0830459735946 0.00567834999999991
12.1655250605964 -0.00476242499999996
12.2065556157337 0.000764475000000036
12.369316876853 -0.00217190000000001
12.5299640861417 -0.000462875000000007
12.6491106406735 0.000468850000000015
12.7279220613579 -0.000463700000000024
12.8062484748657 0.00203182500000003
13 0.00178122857142859
13.0384048104053 -0.00175156249999998
13.1529464379659 -0.00632634999999994
13.3416640641263 -0.00591362499999994
13.4164078649987 0.00133065
13.4536240470737 9.9900000000003e-05
13.6014705087354 -0.000634262499999992
13.8924439894498 0.00128099999999997
13.9283882771841 -4.962499999996e-05
14 -0.00716739999999987
14.0356688476182 -0.00876127499999989
14.142135623731 -0.00802403333333316
14.2126704035519 0.00114164999999999
14.3178210632764 -0.00287057499999995
14.422205101856 -0.00161092500000001
14.560219778561 -0.00367824999999998
14.7648230602334 0.00142797499999998
14.8660687473185 0.000778125000000005
15 -0.00569435714285703
15.0332963783729 -0.0102677249999999
15.1327459504216 -0.0083491249999999
15.2315462117278 -0.000115750000000025
15.2643375224737 -0.000466499999999981
15.2970585407784 -0.00295474999999998
15.52417469626 -0.00249294999999997
15.556349186104 0.00042339999999999
15.6204993518133 1.03249999999945e-05
15.6524758424985 -0.00110492499999997
15.8113883008419 0.00057672500000001
16 -0.0117601666666665
16.0312195418814 -0.00641302499999993
16.1245154965971 -0.00220114999999995
16.1554944214035 -0.00468444999999995
16.2788205960997 -0.0016856875
16.4012194668567 0.00405447499999997
16.4924225024706 -0.00423672499999999
16.5529453572468 -0.00284354999999995
16.6433169770932 0.00475154999999994
16.7630546142402 -0.00160897499999998
16.9705627484771 0.0034364
17 -0.000780342857142881
17.0293863659264 0.00239704999999996
17.0880074906351 -0.00248152499999994
17.1172427686237 -0.000982900000000025
17.2046505340853 0.00747149999999991
17.2626765016321 -0.00545484999999996
17.464249196573 -0.00111827500000001
17.4928556845359 0.00456284999999992
17.6918060129541 0.002624875
17.7200451466693 -0.00157635000000001
17.8044938147649 0.00402544999999997
17.8885438199983 0.000667375
18 -0.000834699999999994
18.0277563773199 0.00193756666666666
18.1107702762748 0.000572699999999997
18.2482875908947 0.00121837499999998
18.3575597506858 0.00272375000000001
18.3847763108502 -0.000378733333333324
18.4390889145858 0.00371352499999998
18.6010752377383 0.00230819999999998
18.6815416922694 0.000438124999999996
18.7882942280559 0.000283999999999967
18.8679622641132 -0.000670425000000001
18.9736659610103 0.00109767499999997
19 0.00336645
19.0262975904404 0.00197829999999996
19.1049731745428 0.00472025714285712
19.2093727122985 0.00567017499999992
19.2353840616713 0.0012105571428571
19.313207915828 -0.000830699999999957
19.4164878389476 7.48714285714019e-05
19.6468827043885 0.00395003333333326
19.6977156035922 0.00168714999999998
19.723082923316 -0.00288782499999998
19.7989898732233 0.00401474999999995
19.8494332412792 0.00575752499999996
19.9248588451713 0.00465103333333325
20 0.00114373333333329
20.0249843945008 0.00459756666666658
20.0997512422418 0.00664486666666659
20.1246117974981 0.000494299999999981
20.2237484161567 0.00330600000000002
20.2484567313166 0.000193171428571417
20.3960780543711 0.00397093333333331
20.5182845286832 0.00266059999999999
20.591260281974 0.00046004999999999
20.6155281280883 0.00354160999999996
20.8086520466848 -0.000600449999999994
20.8806130178211 0.00457423333333326
21 0.00210914999999992
21.0237960416286 0.00178138333333329
21.095023109729 0.00265615714285708
21.1896201004171 0.00153109999999994
21.2132034355964 0.00521759999999997
21.2602916254693 0.0014438
21.3775583264319 0.00584229999999993
21.4009345590327 -0.00136167499999998
21.4709105535839 -0.00105019999999993
21.540659228538 0.0035484999999999
21.5870331449229 0.0021378
21.6333076527839 -0.00226057499999999
21.8403296678416 0.00085040000000001
21.9317121994613 0.0027973428571428
21.9544984001001 -0.00404416666666657
22 0.00344364999999997
22.0227155455452 0.000595214285714266
22.0907220343745 0.00168379999999997
22.1359436211787 0.00375563333333323
22.2036033111745 0.000641300000000028
22.3606797749979 0.00202946666666666
22.4722050542442 0.000219599999999982
22.561028345357 0.00266563333333331
22.6274169979695 0.00156174999999992
22.6715680975093 0.000893024999999999
22.8035085019828 -0.000299271428571406
22.8254244210267 -0.00218873333333327
22.8473193175917 0.00085086666666663
23 0.00135714999999999
23.0217288664427 7.91666666667928e-06
23.0867927612304 0.000938350000000006
23.1948270094864 -0.00100973333333334
23.259406699226 0.00172103333333332
23.3238075793812 -0.000101766666666689
23.3452350598575 0.00156615714285712
23.4093998214393 0.000572500000000009
23.43074902772 -0.000585199999999991
23.5372045918796 0.00227286666666666
23.6008474424119 0.00201496666666666
23.7065391822594 0.000893599999999967
23.7697286480094 0.00228974999999996
23.8537208837531 -0.000860933333333304
24 0.00120234999999996
24.0208242989286 0.00314175999999996
24.0416305603426 0.00420157999999996
24.0831891575846 0.00232613846153843
24.1660919471891 0.0033718666666666
24.1867732448956 0.0020319636363636
24.2074368738204 0.0002658
24.3310501211929 0.00485167999999997
24.3515913237718 0.00194939999999999
24.4131112314674 0.000803500000000025
24.5153013442625 0.00219920000000005
24.5967477524977 0.000626066666666654
24.6981780704569 0.00127785
24.738633753706 0.00301603999999996
24.7588368062799 0.00104587499999999
24.8394846967484 -0.00395539999999996
25 0.00320394285714284
25.0199920063936 0.00726294999999987
25.0599281722833 -0.00142939999999997
25.0798724079689 0.00147479999999996
25.1793566240283 0.00570639999999989
25.2388589282479 2.38666666666391e-05
25.298221281347 -0.00232676666666662
25.3179778023443 0.00262099999999994
25.4558441227157 -0.000576900000000007
25.4950975679639 -0.000934962499999993
25.5538646783613 0.00265256666666666
25.6124969497314 -0.00434469999999991
25.6320112359526 -0.00154586666666666
25.7099202643649 -0.00331764999999987
25.8069758011279 0.000454566666666637
25.9422435421457 -0.000992333333333348
25.9615099714943 0.00213924999999992
26 0.00212428888888886
26.0192236625154 0.00582424999999994
26.0768096208106 0.00202519999999997
26.1725046566048 0.000824859999999958
26.2488094968134 -0.00165247999999995
26.3058928759318 0.00245134999999996
26.4007575648882 -0.00138913333333333
26.4196896272458 0.00146409999999998
26.4764045897475 -0.000482199999999994
26.5706605111728 0.000347650000000002
26.6270539113887 0.000408033333333343
26.6833281282527 0.000252549999999966
26.8328157299975 6.31999999999643e-05
26.8700576850888 -0.0061467
26.9072480941474 -0.00412169999999999
26.9258240356725 0.00211867142857141
27 0.00469093333333332
27.0185121722126 0.00453695999999998
27.0739727413618 0.00380614999999991
27.1661554144122 0.00212504999999994
27.2029410174709 -0.00117793999999995
27.2946881279124 -0.00171257999999998
27.3130005674953 0.000576549999999981
27.459060435492 0.00126517999999998
27.5136329843952 -0.00373189999999995
27.5862284482674 -0.00162494999999999
27.6586333718787 -0.000221160000000001
27.7308492477241 -0.00577314999999988
27.7848879788996 0.00343929999999997
27.8028775489157 0.000600233333333341
27.8567765543682 -0.00109139999999997
27.8926513619627 -0.000718449999999997
28 0.00551526666666664
28.0178514522438 0.00384883999999996
28.0713376952364 0.00235650000000001
28.1602556806574 0.000180049999999984
28.1780056072107 -0.00295049999999995
28.2311884269862 0.001185
28.2842712474619 -0.0031096
28.3019433961698 0.00306519999999994
28.3196045170126 0.00603104999999994
28.4253408071038 -0.000942833333333313
28.4429253066558 -0.00447685
28.4604989415154 5.10500000000195e-05
28.6006992921502 0.00249160000000002
28.6356421265527 -0.00275829999999993
28.6530975637888 0.00162275000000001
28.7923600977759 -0.000598599999999986
28.8444102037119 0.00289309999999997
28.8617393793236 -0.0005537
29 0.00482459999999999
29.0172362570938 0.000879600000000022
29.0688837074973 -0.000469216666666656
29.1204395571221 -0.00335354999999996
29.1547594742265 0.00102753333333331
29.2061637330205 0.00495083333333332
29.2745623366089 -0.0023198
29.4108823397055 0.00152693999999998
29.4278779391243 0.00212279999999997
29.5296461204668 0.00116285
29.5465734053883 0.0012135
29.6141857899217 0.00267114999999991
29.6816441593117 -0.00100295
29.698484809835 0.00389360000000002
29.732137494637 -0.00300427499999999
29.8328677803526 0.00146012500000001
29.9666481275434 0.0011358
30 0.00674982222222219
30.0166620396073 0.001262525
30.0665927567458 0.00269234999999998
30.0832179129826 -0.00208502499999998
30.1496268633627 -0.00161810000000001
30.2324329156619 0.000427200000000001
30.2654919008431 -0.00357839999999996
30.364452901378 -0.00210085000000001
30.4138126514911 -0.00208376666666667
30.4630924234556 -0.00330544999999997
30.4795013082563 -6.71499999999969e-05
30.5286750449475 -0.00151600000000001
30.5941170815567 -0.00129100000000002
30.6104557300279 0.00315959999999999
30.6757233003559 -0.0023359
30.8058436014987 0.00311399999999995
30.8706980808663 -0.00315784999999999
30.886890422961 -0.00284244999999997
31 0.0108829333333332
31.0161248385416 0.00493559999999993
31.04834939252 -0.00242165000000001
31.0644491340181 0.001150725
31.1126983722081 -0.000673899999999996
31.1448230047949 -0.000355074999999998
31.2409987036266 0.00288105000000002
31.2569992161756 0.00100735
31.3049516849971 -0.00640774999999992
31.3209195267317 -0.00564069999999998
31.3847096529504 -0.00330467499999998
31.4006369362152 -7.51428571428488e-05
31.5753068076939 0.000634799999999964
31.6227766016838 -0.00325784999999999
31.7647603485372 -0.00607074999999992
31.7804971641414 -0.00340622499999994
31.8276609256791 -0.0035897
31.8904374382039 -0.00255494999999996
31.9061122670876 -0.00917339999999996
31.9530906173409 -0.000794999999999889
32 0.0084696666666666
32.0156211871642 0.00437539999999997
32.0624390837628 0.0122796999999998
32.1403173599764 0.00398074999999995
32.2024843762092 -0.00260359999999998
32.2490309931942 -0.00102357499999999
32.2800247831379 -0.00685979999999992
32.310988842807 0.00242309999999995
32.3882694814033 0.0013303
32.4499614791759 -0.00567349999999998
32.5269119345812 -0.00434460000000001
32.5576411921994 0.000444375
32.5729949498047 -0.00157765
32.649655434629 -0.000917800000000015
32.6955654485436 0.00359090000000001
32.7566787083184 -0.00179122500000001
32.8024389337135 0.00242506666666667
32.8937684067971 0.00414669999999991
32.9848450049413 -0.00405195000000001
33 0.0140661333333331
33.0151480384384 0.00377154285714283
33.0605505096331 0.00806654999999996
33.1058907144937 3.50000000000482e-05
33.1209903233584 -0.000374650000000033
33.1360830515618 0.00325099999999997
33.2415402771893 -0.00286068749999996
33.2866339541865 -0.00417820000000001
33.3016516106934 2.19999999993634e-06
33.3766385365573 -2.56499999999979e-05
33.4215499341368 0.00190886666666662
33.5261092284804 0.000440399999999999
33.5410196624968 -0.00163222500000002
33.6005952328229 0.00268986666666666
33.6154726279432 -0.00163677500000001
33.734255586866 -0.00511589999999999
33.8378486313773 -0.00256708571428572
33.9411254969543 0.00126240000000001
33.9558536926993 -0.00293589999999995
33.9705755029261 -0.000471800000000011
34 0.00144185714285711
34.0147027033899 0.000518999999999993
34.0587727318528 0.00398182857142846
34.132096331752 -0.001149425
34.1760149812701 0.00435575000000001
34.2052627529741 0.00186505714285711
34.2344855372474 -0.00178654999999998
34.3656805548792 0.0042839
34.4093010681705 -0.000434533333333339
34.4383507154451 0.00196589999999992
34.4818792991333 -0.000533375000000025
34.5253530032641 -0.000192650000000002
34.5398320783411 -0.000623949999999884
34.6554469023269 -0.00306719999999998
34.6698716467194 0.000140599999999995
34.7131099154196 -0.00155628571428573
34.7850542618522 -3.36000000000079e-05
34.828149534536 0.00815846666666658
34.8855270850248 -0.00134239999999999
34.928498393146 -0.000958575000000027
34.9857113690718 -0.000898800000000006
35 0.00040883333333333
35.0142828000232 -0.00442333333333327
35.0570962859162 0.00245226666666665
35.1140997321589 -0.00068285000000001
35.1283361405006 0.00353759999999996
35.1710107901379 -0.00588160000000001
35.2278299076171 0.000136700000000002
35.3411940941446 0.000801499999999968
35.3553390593274 0.00167894999999996
35.3836120259083 -0.00177300000000001
35.4400902933387 -0.00155849999999999
35.4682957019364 0.000598485714285701
35.5105618091294 -0.000719133333333339
35.6089876295297 0.00415726666666668
35.6931365951495 -0.00400126666666663
35.7351367704113 0.0016202
35.7770876399966 -0.00222569999999997
35.8050275799363 0.00499606666666668
35.8468966578698 6.03249999999848e-05
35.9026461420325 -0.0037177
36 -0.000536600000000003
36.0138862107382 -0.00564030000000001
36.0555127546399 -0.00238088888888889
36.0693775937429 0.00184560000000002
36.1247837363769 0.00273472000000001
36.1386219991853 -0.0039221
36.2215405525497 -0.00345899999999994
36.2353418639869 0.00482517142857135
36.2491379207837 0.0040914999999999
36.3455636907725 -0.00105729999999996
36.3593179253957 -0.00441366666666668
36.4005494464026 0.00402702222222214
36.4965751817893 -0.0010445
36.6196668472011 0.000202666666666669
36.6742416417845 0.00271756666666655
36.6878726556883 0.00757089999999992
36.7151195013716 6.81999999999667e-05
36.7695526217005 0.000277439999999951
36.7967389859482 -0.00178499999999999
36.8781778291715 0.00274208
36.8917334913934 -0.00637413333333334
37 0.00130135
37.0135110466435 0.00393647999999988
37.0540146272978 0.000961200000000009
37.1079506305589 0.000846300000000009
37.1214223865412 0.00333276666666652
37.1618083521241 0.00360684999999993
37.2021504754766 3.06666666667505e-06
37.2155881318568 -0.000844279999999972
37.3363094051889 0.00381254999999997
37.3630833845388 0.0144777999999997
37.4432904536981 -0.00345686666666667
37.4833296279826 -0.000849199999999992
37.5366487582469 0.00261120000000001
37.5765884561119 0.00239589999999995
37.589892258425 0.00280894999999997
37.6430604494374 0.00926843999999986
37.6563407675255 0.00310759999999991
37.6961536499415 -0.00161560000000001
37.7359245282264 -0.000183733333333341
37.8021163428716 0.00239519999999995
37.8549864614954 -0.00073999999999997
37.9473319220206 6.46999999999976e-05
38 0.00170170000000001
38.0131556174964 0.00511524444444435
38.0525951808809 0.0114927999999999
38.0788655293195 0.00230754285714287
38.1182371050918 0.00202350000000001
38.1837661840736 -0.00474640000000001
38.2099463490856 -0.00348245000000001
38.2753184180093 -0.000620200000000003
38.2883794381533 0.0010078
38.3275357934736 0.000259349999999934
38.4187454245971 0.0115899333333331
38.4707681233427 0.0044892999999999
38.4837628097877 0.00510809999999985
38.5875627631495 0.00435946666666661
38.6005181312376 0.00207652
38.6264158316559 7.02000000000022e-05
38.6393581727233 -0.0017555
38.8329756778952 -0.00447515999999996
38.8973006775534 0.00263325
38.9101529166874 0.0129090999999997
38.9486841883009 0.00761915999999994
39 0.00508844999999996
39.0128184062623 0.0073109
39.0512483795333 0.00197243333333331
39.1152144312159 -0.00110679999999996
39.2045915678253 0.00402087999999993
39.2173431022552 0.00174859999999995
39.293765408777 -0.00269219999999989
39.319206502675 -0.000604999999999977
39.3573373083089 0.0104439999999999
39.3954312071844 0.000676500000000001
39.4081209904761 -8.89333333333317e-05
39.446165846632 0.00615073333333327
39.4588393138977 -0.00129939999999995
39.560080889705 -0.0029279999999999
39.5979797464467 -0.0017636
39.6232255123179 0.00272229999999998
39.6610640301039 -0.000963799999999944
39.6988664825584 0.00686799999999997
39.8120584747888 0.000262600000000038
39.8246155034798 0.00705519999999993
39.8497176903426 -0.000806900000000015
39.9249295553543 0.0014126
39.9624824053762 -0.00577466666666663
40 0.00660611999999998
40.0124980474851 -0.000515699999999995
40.024992192379 -0.00564089999999989
40.0499687890016 0.000336700000000001
40.1123422402632 0.00566280000000002
40.1621712560464 0.00599359999999993
40.1995024844836 0.00132020000000001
40.2243707222375 -0.00285993333333331
40.2492235949962 0.0043776
40.2616442783948 -0.00787979999999981
40.3112887414927 -0.00107897499999998
40.3608721412211 0.00622329999999996
40.4474968323134 0.00429579999999987
40.4598566482878 0.00720749999999994
40.4969134626332 0.00150548000000001
40.5215991787096 -0.00967439999999975
40.6078810084939 0.0070911499999999
40.7062648740952 -0.00130930000000001
40.7185461430047 0.00420500000000001
40.7921561087423 -0.00154289999999996
40.8044115262063 0.00131256
40.8166632639171 -0.00423329999999983
40.853396431631 0.00543659999999999
41 0.000394100000000062
41.0121933088198 0.00234920000000001
41.0365690573664 0.0017296
41.0487515035476 0.000924680000000008
41.1096095821889 0.000144833333333339
41.146081222882 0.0040854
41.182520563948 0.0100887999999998
41.194659848092 0.00120940000000001
41.2310562561766 0.000186533333333377
41.3037528561268 -0.00274419999999995
41.3400532171888 -0.00197840000000001
41.4004830889689 0.0019581
41.4366987102013 0.00270325
41.4849370253831 -0.00389179999999986
41.5932686861708 -8.76499999999474e-05
41.6173040933696 0.00199460000000001
41.6293165929973 0.000603599999999993
41.6773319683494 0.00711659999999989
41.7252920900501 -0.000285799999999996
41.7612260356422 -0.00520250000000003
41.7731971484108 -0.00153589999999999
41.7851648315524 -0.00335800000000001
41.8688428309166 -0.000489000000000001
41.8807831827438 -0.00130019999999999
41.9761837236307 0.00076399999999997
42.0119030752 0.00216969999999999
42.0475920832573 -0.00701450000000001
42.0594816896262 0.00572054999999996
42.154477816716 -0.00358729999999997
42.190046219458 0.00874949999999998
42.2018956920184 0.00195624999999995
42.3792402008342 0.00280460000000001
42.4264068711929 0.00115940000000001
42.4381903478459 0.00187169999999999
42.4499705535822 0.00348084999999988
42.485291572496 -0.000621800000000014
42.5205832509386 0.00328320000000001
42.5440947723653 0.00161300000000006
42.6380112106557 -0.0003308
42.7200187265877 -0.00335429999999993
42.8018691180654 0.0025482
42.9418211071678 -0.000394300000000005
42.9534631898291 -0.00769459999999989
43.0116263352131 0.00478479999999993
43.0464865000618 0.00685820000000002
43.081318457076 -0.00424819999999982
43.139309220246 0.00867209999999987
43.1856457633784 0.00382279999999993
43.2666153055679 0.00158530000000001
43.2781700167648 0.00752179999999996
43.3243580448689 0.00467220000000001
43.3820239269677 -0.00494850000000001
43.4165866921848 0.0015269
43.4626276242015 -0.00696949999999991
43.5660418215839 0.00369870000000001
43.6004587131833 0.0108201999999999
43.6577599058861 0.00426279999999989
43.8292140016223 0.00231999999999993
43.8406204335659 0.0107371999999999
43.8634243989226 0.00225084999999993
43.9089968002003 0.00737339999999999
43.9317652729776 0.00847389999999991
44.0113621693308 -0.00557649999999986
44.0454310910905 0.00882529999999998
44.1021541423999 0.00301420000000001
44.2040722106007 0.00713540000000002
44.2831796509691 -0.0035177
44.2944691807002 -0.00339709999999999
44.3846820423443 -0.00690849999999996
44.407206622349 0.00958679999999995
44.4184646290256 0.00158060000000001
44.5533388198909 0.0114063999999997
44.5982062419555 0.00728350000000002
44.6542271235322 0.0116907999999999
44.6878059430087 0.00772769999999994
44.7213595499958 -0.00529230000000001
44.7772263544762 0.00150419999999997
44.8218696620299 0.00374500000000002
44.9444101084885 0.00381500000000001
45 0.00400060000000001
45.1774279923061 0.000170500000000007
45.18849411078 0.00703479999999997
45.2216762183801 -0.001603
45.254833995939 0.0129339999999998
45.2769256906871 0.00190135000000001
45.3431361950185 0.00654569999999994
45.453272709454 0.00741560000000003
45.4862616621766 0.00731360000000001
45.6070170039655 0.00223020000000001
45.6179789118282 -0.000606699999999976
45.6508488420533 -0.00492479999999995
45.7930125674212 -0.00354239999999998
45.8039299623951 -0.000526
45.9673797382448 0.00804139999999997
46.0108682813094 0.00189469999999995
46.0434577328854 0.0100285999999999
46.0651712251241 -0.00477080000000001
46.0977222864644 0.0026138
46.1410879802373 -0.00128409999999999
46.2276973253049 -0.0016096
46.3249392876019 0.000101800000000001
46.4004310324807 0.00262960000000001
46.5295604965274 -0.00523799999999997
46.6154480832267 0.00382760000000002
46.6476151587624 -0.000413799999999991
46.6690475583121 0.00516680000000001
46.690470119715 0.00232879999999997
46.7546789102438 0.000357599999999992
46.8614980554399 0.00601260000000001
46.8721665810319 -0.0014912
47.0106370941726 0.00184073333333334
47.169905660283 -0.0014392
47.2016948848238 0.00595320000000002
47.3814309619285 0.0019601
47.4236228055175 -0.00250420000000002
47.4341649025257 0.000742400000000007
47.5078940808788 -0.000206466666666665
47.6340214552582 0.00535640000000001
47.7074417675063 -0.00916199999999996
47.8016736108685 0.00506220000000002
48.0104155366312 0.00435780000000002
48.0208288141719 0.00311560000000001
48.0832611206852 0.0127677999999998
48.1040538832228 -0.00666780000000002
48.1663783151692 -0.0013768
48.2597140480546 -0.00393500000000001
48.2700735445887 0.000800600000000001
48.4148737476408 0.00498520000000001
48.5489443757534 -0.00313180000000001
48.6004115208915 0.00633280000000002
48.7954915950234 -0.000885400000000012
48.8262224629348 0.00501880000000001
48.8364617882991 0.0019136
48.91829923454 0.003526
49.0407993409569 -0.000299000000000001
49.0917508345343 -0.00678760000000002
49.2036584005702 -0.0030916
49.4064773081425 -0.000558399999999988
49.5176736125598 0.001726
49.5782210249622 0.00624840000000001
49.6487663492256 -0.00855819999999999
49.6789693934969 0.00517020000000001
49.8196748283246 -0.00612180000000001
50 -0.00312099999999999
50.2195181179589 -0.0010808
50.2493781056044 0.0028036
50.3289181286465 0.0057736
50.4479930225178 0.000949
50.60632371552 -0.0130509999999998
50.8035431835222 -0.00890359999999998
50.9901951359278 -0.000146800000000004
51.0881590977792 -0.00790220000000001
51.2249938994628 -0.00706320000000001
51.4003891035856 -0.0161561999999997
51.7397332811061 0.001847
51.8555686498567 -0.00481660000000001
52.0096144957834 -0.0156823999999997
52.4976189936268 0.00623920000000001
52.6307894677631 -0.00929359999999996
53.2634959423431 -0.00386740000000001
