# Lattice: 60^2 B = 0 iterations = 50000 Algorithm: heatbath
# radius correlation
0 0.25840345439972
1 0.206043302133002
1.4142135623731 0.167682065999629
2 0.185834245332982
2.23606797749979 0.151904746199614
2.82842712474619 0.1371843859996
3 0.17421203093297
3.16227766016838 0.144350800799608
3.60555127546399 0.131744640999596
4 0.16722448559963
4.12310562561766 0.140622523199605
4.24264068711928 0.126321556799592
4.47213595499958 0.128625836199594
5 0.139957444228176
5.09901951359278 0.138203647999602
5.3851648071345 0.127313771199593
5.65685424949238 0.119809957599586
5.8309518948453 0.122139658799588
6 0.157221134666287
6.08276253029822 0.136819632199601
6.32455532033676 0.127390748399593
6.40312423743285 0.118764685199585
6.70820393249937 0.121702171999588
7 0.153314245332949
7.07106781186548 0.130432564399596
7.21110255092798 0.118530106999585
7.28010988928052 0.128241890799595
7.61577310586391 0.121739131599588
7.81024967590665 0.117765546399585
8 0.149627016266279
8.06225774829855 0.127306798499593
8.24621125123532 0.128278156199595
8.48528137423857 0.117712505999585
8.54400374531753 0.121830669399588
8.60232526704263 0.118180142199585
8.94427190999916 0.118850124599586
9 0.147068762132944
9.05538513813742 0.135133358199601
9.21954445729289 0.12311242249959
9.4339811320566 0.118381811799585
9.48683298050514 0.121729131599588
9.8488578017961 0.118929263399585
9.89949493661167 0.118097532399585
10 0.130103243999596
10.0498756211209 0.134902268599601
10.1980390271856 0.128269377599594
10.295630140987 0.118524157999585
10.4403065089106 0.121917839799588
10.6301458127346 0.118556425199586
10.770329614269 0.119015757199585
10.816653826392 0.118517927799586
11 0.145182950932943
11.0453610171873 0.1347350101996
11.1803398874989 0.12355701379959
11.3137084989848 0.118866987599586
11.4017542509914 0.120414320499587
11.6619037896906 0.118559693999585
11.7046999107196 0.119159025999584
12 0.14418562239961
12.0415945787923 0.13458526229294
12.0830459735946 0.118742400399584
12.1655250605964 0.145537074056765
12.2065556157337 0.118691794199585
12.369316876853 0.139612635199616
12.5299640861417 0.118520616599585
12.6491106406735 0.13523292137104
12.7279220613579 0.119083050799586
12.8062484748657 0.118971794199586
13 0.137912824245763
13.0384048104053 0.133049463572936
13.1529464379659 0.142865208228187
13.3416640641263 0.13777870057104
13.4164078649987 0.134337907656754
13.4536240470737 0.119304816999586
13.6014705087354 0.125587844266261
13.8924439894498 0.13438424457104
13.9283882771841 0.132030691428176
14 0.138748410666269
14.0356688476182 0.126819121799585
14.142135623731 0.121171831466248
14.2126704035519 0.119117953999585
14.3178210632764 0.124197291839588
14.422205101856 0.134876466513897
14.560219778561 0.11312397219957
14.7648230602334 0.131541170971032
14.8660687473185 0.115156679199576
15 0.134978228799604
15.0332963783729 0.120932073799575
15.1327459504216 0.11692755699957
15.2315462117278 0.110031010799566
15.2643375224737 0.131846227428175
15.2970585407784 0.112490465599565
15.52417469626 0.10829581699956
15.556349186104 0.119042839599583
15.6204993518133 0.135436154971039
15.6524758424985 0.109759059999566
15.8113883008419 0.118503002026246
16 0.127810483732918
16.0312195418814 0.113594463399563
16.1245154965971 0.110311884699563
16.1554944214035 0.105997319599558
16.2788205960997 0.120023615892914
16.4012194668567 0.132985639771032
16.4924225024706 0.102947696999551
16.5529453572468 0.105793022599558
16.6433169770932 0.111109455399567
16.7630546142402 0.101444208399549
16.9705627484771 0.156415876799643
17 0.112610719199565
17.0293863659264 0.11772593290624
17.0880074906351 0.100854489599549
17.1172427686237 0.101872784399546
17.2046505340853 0.112110395599567
17.2626765016321 0.0987086367995429
17.464249196573 0.0983971826995443
17.4928556845359 0.107271071799559
17.6918060129541 0.155060551199637
17.7200451466693 0.0945170989995385
17.8044938147649 0.113162442999568
17.8885438199983 0.101710306799549
18 0.112739106132896
18.0277563773199 0.0993527610662108
18.1107702762748 0.094612959599534
18.2482875908947 0.0921665009995324
18.3575597506858 0.10256638759955
18.3847763108502 0.112015206108657
18.4390889145858 0.107509946346225
18.6010752377383 0.108545148999559
18.6815416922694 0.0871709297995272
18.7882942280559 0.0968443221995409
18.8679622641132 0.102914252199549
18.9736659610103 0.0868388295995267
19 0.122843266132911
19.0262975904404 0.107776633599554
19.1049731745428 0.121299040872305
19.2093727122985 0.123128877028153
19.2353840616713 0.101019503999547
19.313207915828 0.0876027311995276
19.4164878389476 0.103074507066217
19.6468827043885 0.100274225999548
19.6977156035922 0.0883420193995281
19.723082923316 0.0991396559995422
19.7989898732233 0.109265596799557
19.8494332412792 0.123068851656722
19.9248588451713 0.100882257599548
20 0.116826996319569
20.0249843945008 0.0977045415995394
20.0997512422418 0.0980959827995404
20.1246117974981 0.0899025641995295
20.2237484161567 0.0972828019995414
20.2484567313166 0.100032971866211
20.3960780543711 0.0928394275995365
20.5182845286832 0.103994682399547
20.591260281974 0.0909205605995299
20.6155281280883 0.105564600852886
20.8086520466848 0.112305496456703
20.8806130178211 0.0911104291995334
21 0.107853739732889
21.0237960416286 0.0956031707995375
21.095023109729 0.0904045001328617
21.1896201004171 0.0920120811995342
21.2132034355964 0.092243600999531
21.2602916254693 0.0986485393995367
21.3775583264319 0.0823525903995207
21.4009345590327 0.112628037028131
21.4709105535839 0.105285526399552
21.540659228538 0.092609796399534
21.5870331449229 0.0777957535995141
21.6333076527839 0.105034202970978
21.8403296678416 0.078027950399514
21.9317121994613 0.0929026721328622
21.9544984001001 0.107472468399554
22 0.0996807573328759
22.0227155455452 0.0885327538661889
22.0907220343745 0.0754578795995073
22.1359436211787 0.0786923791995145
22.2036033111745 0.0940797450177152
22.3606797749979 0.0811379679995173
22.4722050542442 0.0937231441995337
22.561028345357 0.0663678267994976
22.6274169979695 0.0883745575995171
22.6715680975093 0.0886070269995186
22.8035085019828 0.0806573581328451
22.8254244210267 0.0911436975995294
22.8473193175917 0.078189988799512
23 0.0941700831995335
23.0217288664427 0.0908829415995268
23.0867927612304 0.0690877035994989
23.1948270094864 0.0712017107995024
23.259406699226 0.0774640307995098
23.3238075793812 0.0902573703995259
23.3452350598575 0.0781030107995049
23.4093998214393 0.0663748915994957
23.43074902772 0.0824020353995092
23.5372045918796 0.0630751551994923
23.6008474424119 0.108480534399549
23.7065391822594 0.0769281255995084
23.7697286480094 0.0640192499994924
23.8537208837531 0.0905597075995244
24 0.0920828890661962
24.0208242989286 0.0703406031994983
24.0416305603426 0.0707271317994954
24.0831891575846 0.0753198997328326
24.1660919471891 0.0662091619994935
24.1867732448956 0.0733842677995036
24.2074368738204 0.104589637599541
24.3310501211929 0.0656682835994957
24.3515913237718 0.0627752779994901
24.4131112314674 0.0887414471995201
24.5153013442625 0.0622656647994909
24.5967477524977 0.0667652251994935
24.6981780704569 0.0704809633994977
24.738633753706 0.0611861567994891
24.7588368062799 0.0730794771994909
24.8394846967484 0.0978016755995285
25 0.078332487126781
25.0199920063936 0.0712764379994992
25.0599281722833 0.067771762799493
25.0798724079689 0.0669541707994944
25.1793566240283 0.0696294435995003
25.2388589282479 0.075600391999501
25.298221281347 0.0621483007994891
25.3179778023443 0.0658643819994958
25.4558441227157 0.0675725347994821
25.4950975679639 0.0732235731995001
25.5538646783613 0.0693244515994935
25.6124969497314 0.0783187219995004
25.6320112359526 0.0620829403994881
25.7099202643649 0.0616875451994896
25.8069758011279 0.0707644335994914
25.9422435421457 0.0643124479994878
25.9615099714943 0.0616664203994894
26 0.0746175604566469
26.0192236625154 0.0714428175994993
26.0768096208106 0.0688193023994945
26.1725046566048 0.0794666135995062
26.2488094968134 0.0683773863994911
26.3058928759318 0.066827457599497
26.4007575648882 0.062525171599482
26.4196896272458 0.0645520435994865
26.4764045897475 0.0626645399994912
26.5706605111728 0.0619137487994876
26.6270539113887 0.0626610763994797
26.6833281282527 0.0619114115994895
26.8328157299975 0.062679020799485
26.8700576850888 0.115684223999547
26.9072480941474 0.0710508827994858
26.9258240356725 0.0616319207994854
27 0.0911782373328595
27.0185121722126 0.0654776847994852
27.0739727413618 0.0726833275995033
27.1661554144122 0.0709181079995022
27.2029410174709 0.0587993367994783
27.2946881279124 0.0653604271994912
27.3130005674953 0.0622025007994863
27.459060435492 0.0595625707994812
27.5136329843952 0.0625312707994885
27.5862284482674 0.0950234847995176
27.6586333718787 0.0584982029994761
27.7308492477241 0.0624223247994844
27.7848879788996 0.0594447847994777
27.8028775489157 0.0499952755994575
27.8567765543682 0.0623878259994871
27.8926513619627 0.0622544519994897
28 0.0927464154661947
28.0178514522438 0.0621380625994813
28.0713376952364 0.0736339427995049
28.1602556806574 0.0668598827994961
28.1780056072107 0.0623994071994827
28.2311884269862 0.0622071931994859
28.2842712474619 0.0707439353594987
28.3019433961698 0.0546194063994683
28.3196045170126 0.0715993007994841
28.4253408071038 0.0454330079994491
28.4429253066558 0.0634981603994921
28.4604989415154 0.0626556995994884
28.6006992921502 0.0448206179994498
28.6356421265527 0.0625182565994873
28.6530975637888 0.0587794595994764
28.7923600977759 0.062528089599487
28.8444102037119 0.0468600383994549
28.8617393793236 0.0624691619994898
29 0.0805289612795048
29.0172362570938 0.0760156823995049
29.0688837074973 0.0656611015994877
29.1204395571221 0.0620293903994888
29.1547594742265 0.0625365662661521
29.2061637330205 0.039815573599441
29.2745623366089 0.0683600235994993
29.4108823397055 0.0528429477994674
29.4278779391243 0.0634992499994919
29.5296461204668 0.0582230623994758
29.5465734053883 0.0622542227994837
29.6141857899217 0.0629530987994908
29.6816441593117 0.0467086323994546
29.698484809835 0.0400137103994389
29.732137494637 0.0561966533328057
29.8328677803526 0.060150502666147
29.9666481275434 0.0615323947994811
30 0.0616696701709052
30.0166620396073 0.0651703035994862
30.0665927567458 0.0739925895995057
30.0832179129826 0.0622933795994869
30.1496268633627 0.0706231695995026
30.2324329156619 0.0429171379994462
30.2654919008431 0.0680088811994986
30.364452901378 0.062566507999488
30.4138126514911 0.0538437793594707
30.4630924234556 0.0619036075994826
30.4795013082563 0.04057153119944
30.5286750449475 0.0473955743994552
30.5941170815567 0.0630589159994907
30.6104557300279 0.0525169447994568
30.6757233003559 0.0625375095994867
30.8058436014987 0.0494647753994626
30.8706980808663 0.0609881943994801
30.886890422961 0.0535835363994669
31 0.0931929999995276
31.0161248385416 0.0692138453994944
31.04834939252 0.0623438367994891
31.0644491340181 0.0587748461994761
31.1126983722081 0.0122461167994001
31.1448230047949 0.0541927637328059
31.2409987036266 0.0396731479994384
31.2569992161756 0.0675569127994979
31.3049516849971 0.0564915507994726
31.3209195267317 0.0622931863994879
31.3847096529504 0.0549602851994692
31.4006369362152 0.0598275501328135
31.5753068076939 0.0629336259994905
31.6227766016838 0.0484468137994594
31.7647603485372 0.0527901443994654
31.7804971641414 0.0619363143994851
31.8276609256791 0.00814316399939391
31.8904374382039 0.0219025319994134
31.9061122670876 0.0425520763994451
31.9530906173409 0.0627576323994851
32 0.0920840602661925
32.0156211871642 0.0626962579194839
32.0624390837628 0.0741172467995051
32.1403173599764 0.0700789339995013
32.2024843762092 0.0537860962661323
32.2490309931942 0.0575646881994763
32.2800247831379 0.0623187399994879
32.310988842807 0.0818529178661819
32.3882694814033 0.064562589199493
32.4499614791759 0.0330410739994303
32.5269119345812 0.00297455199938546
32.5576411921994 0.0440702909327906
32.5729949498047 0.0624211123994865
32.649655434629 0.0418644317327804
32.6955654485436 0.0608706723994797
32.7566787083184 0.0522222535994668
32.8024389337135 0.0380470319994368
32.8937684067971 0.0626862263994848
32.9848450049413 0.0625180195994894
33 0.0908988698661913
33.0151480384384 0.0656466711994843
33.0605505096331 0.0729377387995031
33.1058907144937 0.0554045383994707
33.1209903233584 0.0475677359994547
33.1360830515618 0.0695797247995003
33.2415402771893 0.0589220543994807
33.2866339541865 0.031583780399428
33.3016516106934 0.00639922719939162
33.3766385365573 0.0644625891994929
33.4215499341368 0.0213125143994126
33.5261092284804 0.0622383355994864
33.5410196624968 0.0571141785994764
33.6005952328229 0.0369597559994351
33.6154726279432 0.0576508701709004
33.734255586866 0.0626407963994896
33.8378486313773 0.0579467997328071
33.9411254969543 6.55887993816773e-05
33.9558536926993 0.0626721671994894
33.9705755029261 0.00121620399938355
34 0.0660737881137704
34.0147027033899 0.0640755231994845
34.0587727318528 0.0502756103994651
34.132096331752 0.0500831233994634
34.1760149812701 0.0822010373328486
34.2052627529741 0.0485453583994626
34.2344855372474 0.0652892675994939
34.3656805548792 0.0639561391994917
34.4093010681705 0.0356113903994333
34.4383507154451 0.0511525167994623
34.4818792991333 0.0516357331994646
34.5253530032641 0.0623166311994893
34.5398320783411 0.0807548975995113
34.6554469023269 0.000340035199381972
34.6698716467194 0.0477857671994513
34.7131099154196 0.0419403669327872
34.7850542618522 0.0627851367994852
34.828149534536 0.00686031679939181
34.8855270850248 0.047170213999454
34.928498393146 0.0585349783994791
34.9857113690718 0.0313193867994283
35 0.0626974665594797
35.0142828000232 0.0723234323994976
35.0570962859162 0.0714357175995007
35.1140997321589 0.0821847279995151
35.1283361405006 0.0686557527994983
35.1710107901379 0.0623901459994882
35.2278299076171 0.0544434490661388
35.3411940941446 0.0511055747994622
35.3553390593274 0.0460538524439013
35.3836120259083 0.000425588799382037
35.4400902933387 0.0625878259994872
35.4682957019364 0.0495009807994608
35.5105618091294 0.056749658932809
35.6089876295297 0.0063736383993912
35.6931365951495 0.0616902163994884
35.7351367704113 0.0626487395994849
35.7770876399966 0.0477015847994543
35.8050275799363 0.0161617583994051
35.8468966578698 0.0429202753994488
35.9026461420325 0.0621549087994884
36 0.0921634511995275
36.0138862107382 0.072253115999497
36.0555127546399 0.0662784584883782
36.0693775937429 0.00091339199938284
36.1247837363769 0.0460025229327927
36.1386219991853 0.0623398647994881
36.2215405525497 0.0645886347994922
36.2353418639869 0.0272072775994222
36.2491379207837 0.0506300035994616
36.3455636907725 0.06319550639949
36.3593179253957 0.0462036231994506
36.4005494464026 0.0561089987550293
36.4965751817893 0.0608121319994871
36.6196668472011 0.0137878039994019
36.6742416417845 0.0544114365994708
36.6878726556883 0.0629823599994854
36.7151195013716 0.0317252743994294
36.7695526217005 0.0435873635194516
36.7967389859482 0.000757820799382469
36.8781778291715 0.0411271623994524
36.8917334913934 0.0303307223994267
37 0.0868298717328548
37.0135110466435 0.0480774610661252
37.0540146272978 0.0710561391994987
37.1079506305589 0.0621218155994879
37.1214223865412 0.0540949337994691
37.1618083521241 0.0503408471994614
37.2021504754766 0.00431578239938823
37.2155881318568 0.058100274132811
37.3363094051889 0.0703184089137843
37.3630833845388 0.0623805851994868
37.4432904536981 0.0132100183994012
37.4833296279826 0.0405232607994517
37.5366487582469 0.000325623999382352
37.5765884561119 0.0471376831994536
37.589892258425 0.0310883147994286
37.6430604494374 0.0419084391994507
37.6563407675255 0.0601209543994856
37.6961536499415 0.0543772623994691
37.7359245282264 0.0290768383994255
37.8021163428716 0.000859507999382836
37.8549864614954 0.0606312355994862
37.9473319220206 0.0816051146661814
38 0.091916140266195
38.0131556174964 0.0452553142394526
38.0525951808809 0.0712380547994986
38.0788655293195 0.053618211519469
38.1182371050918 0.0684067191994964
38.1837661840736 0.000644499199382476
38.2099463490856 0.0430040575994548
38.2753184180093 0.0530220777594668
38.2883794381533 4.33743993817348e-05
38.3275357934736 0.0620757961994874
38.4187454245971 0.000199472799381761
38.4707681233427 0.0455033955994571
38.4837628097877 0.0462704423994525
38.5875627631495 0.0293118823994263
38.6005181312376 0.0418893530661173
38.6264158316559 0.0544025523994692
38.6393581727233 0.059688159999485
38.8329756778952 0.0413123762661196
38.8973006775534 0.0489884044794614
38.9101529166874 0.0387153099994401
38.9486841883009 0.0223784723994151
39 0.068533783542348
39.0128184062623 0.0723989683994974
39.0512483795333 0.0526903523194697
39.1152144312159 0.0494205546661302
39.2045915678253 0.0423880997327871
39.2173431022552 0.0792108319995098
39.293765408777 0.0613138715994852
39.319206502675 0.0617982127994877
39.3573373083089 0.0322869615994302
39.3954312071844 0.0452262419994511
39.4081209904761 0.00112674879938329
39.446165846632 0.0287362759994251
39.4588393138977 0.059530673199485
39.560080889705 0.0582913313994767
39.5979797464467 0.000244499199382076
39.6232255123179 0.0397473029327838
39.6610640301039 0.0039608087993882
39.6988664825584 -6.38664006185619e-05
39.8120584747888 0.0493486769994626
39.8246155034798 0.0228857131994158
39.8497176903426 0.0812006154661803
39.9249295553543 0.0490224991994599
39.9624824053762 0.0153712839994052
40 0.0561179935994715
40.0124980474851 0.0715072987994965
40.024992192379 0.0603411827994852
40.0499687890016 0.0704120615994959
40.1123422402632 0.0669890211994927
40.1621712560464 0.0793889925328435
40.1995024844836 0.0641937487994899
40.2243707222375 0.0013073111993836
40.2492235949962 0.0319530775994299
40.2616442783948 0.0610296711994845
40.3112887414927 0.0400309403994467
40.3608721412211 -2.27416006183812e-05
40.4474968323134 0.0595628699994847
40.4598566482878 0.000102811999381724
40.4969134626332 0.0385314498661102
40.5215991787096 0.0611854003994834
40.6078810084939 0.0398596989327838
40.7062648740952 0.0459191943994506
40.7185461430047 0.0379091587994388
40.7921561087423 0.059858142399485
40.8044115262063 0.0486010441594607
40.8166632639171 0.015662988799406
40.853396431631 0.0484452407994589
41 0.0748600411423627
41.0121933088198 0.0572258319994734
41.0365690573664 0.000192267199381924
41.0487515035476 0.0470580234661242
41.1096095821889 0.056012775288362
41.146081222882 0.0319263991994297
41.182520563948 0.0282035167994248
41.194659848092 0.0633356291994883
41.2310562561766 0.0415476657594491
41.3037528561268 0.0613028699994864
41.3400532171888 0.00767817279939359
41.4004830889689 0.000292829599382149
41.4366987102013 0.0572348113994774
41.4849370253831 0.0609445391994828
41.5932686861708 0.0546966301328062
41.6173040933696 0.000555641599382761
41.6293165929973 0.0373335875994381
41.6773319683494 0.0169402823994081
41.7252920900501 0.000105588799381717
41.7612260356422 0.0798302111995119
41.7731971484108 0.0398937703994505
41.7851648315524 0.0481819015994586
41.8688428309166 8.61511993817676e-05
41.8807831827438 0.0025674167993861
41.9761837236307 0.0604750315994849
42.0119030752 0.000392267199382124
42.0475920832573 0.0315005467994291
42.0594816896262 0.0585579094394756
42.154477816716 0.0430119535994474
42.190046219458 0.0089732519993958
42.2018956920184 0.0407681229327836
42.3792402008342 0.05472314999947
42.4264068711929 8.22495993816341e-05
42.4381903478459 0.00113898079938346
42.4499705535822 0.0406115557327824
42.485291572496 0.0445647479994492
42.5205832509386 -4.21792006183308e-05
42.5440947723653 0.0309534290660953
42.6380112106557 -1.3286400618262e-05
42.7200187265877 0.0484797146661267
42.8018691180654 0.000414481599382066
42.9418211071678 0.0279929367994243
42.9534631898291 0.0317866627994294
43.0116263352131 0.0473889526394584
43.0464865000618 0.0110744823993993
43.081318457076 0.0431611099994474
43.139309220246 -2.5518400618374e-05
43.1856457633784 8.92799938168043e-06
43.2666153055679 0.00134790879938412
43.2781700167648 3.39191993816157e-05
43.3243580448689 0.0541947843994691
43.3820239269677 0.0431718831994467
43.4165866921848 0.00945021159939646
43.4626276242015 0.0376913731994385
43.5660418215839 0.00363975439938852
43.6004587131833 0.000102284799382069
43.6577599058861 0.0466865587994563
43.8292140016223 0.0144659587994038
43.8406204335659 -3.3040006184315e-06
43.8634243989226 0.0213314951994137
43.9089968002003 0.0119989815994009
43.9317652729776 -7.38488006183924e-05
44.0113621693308 0.0424255387994465
44.0454310910905 4.0597599381742e-05
44.1021541423999 0.00174347999938473
44.2040722106007 0.000166151199381848
44.2831796509691 0.042971285599446
44.2944691807002 0.0204715303994132
44.3846820423443 0.0375088599994381
44.407206622349 1.28295993818139e-05
44.4184646290256 0.00375254879938886
44.5533388198909 5.28295993818539e-05
44.5982062419555 -9.60632006183348e-05
44.6542271235322 0.000949560799383575
44.6878059430087 3.66959993816085e-05
44.7213595499958 0.0295190879994263
44.7772263544762 0.025631718132754
44.8218696620299 9.72583993817389e-05
44.9444101084885 0.00164516719938484
45 0.000192267199381924
45.1774279923061 0.0215965567994147
45.18849411078 0.0439029903994474
45.2216762183801 0.000512864799382784
45.254833995939 -9.99648006184684e-05
45.2769256906871 0.00222077359938602
45.3431361950185 -3.83120061808739e-06
45.453272709454 0.000144463999381617
45.4862616621766 0.000892372799383923
45.6070170039655 0.000205026399381747
45.6179789118282 0.0314452391994287
45.6508488420533 0.0151452383994058
45.7930125674212 0.00125409519938491
45.8039299623951 0.000316168799382233
45.9673797382448 -3.77504006184859e-05
46.0108682813094 0.00026836559938187
46.0434577328854 0.000655676799383331
46.0651712251241 0.0221793687994157
46.0977222864644 -3.9402400618338e-05
46.1410879802373 0.00643936799939332
46.2276973253049 4.05975993817975e-05
46.3249392876019 0.00101184559938433
46.4004310324807 0.000198945599382105
46.5295604965274 0.0156397199994067
46.6154480832267 0.000242847199382279
46.6476151587624 0.00240748719938677
46.6690475583121 -8.88576006184971e-05
46.690470119715 4.89279993817204e-05
46.7546789102438 -2.82952006183668e-05
46.8614980554399 5.97599381702008e-07
46.8721665810319 0.000579051199383729
47.0106370941726 0.00395919199938874
47.169905660283 0.00189244319938575
47.2016948848238 -7.49736006185331e-05
47.3814309619285 -4.88576006184571e-05
47.4236228055175 3.39191993816157e-05
47.4341649025257 0.000315641599382577
47.5078940808788 0.0018410371993855
47.6340214552582 -6.08080061842431e-06
47.7074417675063 0.00151908639938508
47.8016736108685 -8.77328006183564e-05
48.0104155366312 -0.000124956000618404
48.0208288141719 0.00238249599938684
48.0832611206852 0.0001678031993817
48.1040538832228 -9.44112006184827e-05
48.1663783151692 -5.05096006183092e-05
48.2597140480546 0.0012995783993841
48.2700735445887 -6.08080061842431e-06
48.4148737476408 1.83831993817996e-05
48.5489443757534 0.00193079119938594
48.6004115208915 -4.33040006184715e-05
48.7954915950234 7.33919993819998e-05
48.8262224629348 0.00055339199938248
48.8364617882991 -2.82952006183668e-05
48.91829923454 -7.77504006185259e-05
49.0407993409569 -5.99648006184283e-05
49.0917508345343 0.00202685439938549
49.2036584005702 0.000159472799381721
49.4064773081425 0.000945061599382901
49.4974746830583 -0.000194376000618113
49.5176736125598 -9.99648006184684e-05
49.5782210249622 -8.85760061841712e-06
49.6487663492256 0.00129342719938363
49.6789693934969 -4.88576006184571e-05
49.8196748283246 3.22671993817636e-05
50 0.0014178559993836
50.2095608425328 -2.94200006185075e-05
50.2195181179589 0.00142618639938352
50.2493781056044 1.72239938189822e-06
50.3289181286465 0.000251704799381913
50.4479930225178 -1.88400006181921e-05
50.60632371552 0.00129395439938335
50.8035431835222 0.00179451679938392
50.9116882454314 4.6678399381439e-05
50.9313263129874 -6.5518400618414e-05
50.9901951359278 0.000124499199382011
51.0881590977792 -5.27200618438695e-07
51.2249938994628 0.000891177599382897
51.4003891035856 0.00136952559938353
51.6236379965612 6.83655993816701e-05
51.662365412358 0.000113919199381696
51.7397332811061 0.000105588799381717
51.8555686498567 0.00059339199938252
52.0096144957834 0.00110340959938321
52.3259018078045 -3.88752006186266e-05
52.3450093132096 0.000103936799381865
52.4022900262956 0.000423936799382185
52.4976189936268 0.000782284799382749
52.6307894677631 0.000772302399382918
53.0377224247045 2.00351993816517e-05
53.0754180388624 0.000386713599382138
53.1507290636732 0.000804499199382691
53.2634959423431 0.000996168799382913
53.7401153701776 0.000142284799382164
53.7587202228625 0.000246151199381928
53.8144961882948 0.000917293599382973
53.9073278877742 0.000681722399382578
54.4518135602479 8.17223993819227e-05
54.4885309033011 0.000600070399382702
54.561891462815 0.00079339199938272
55.1543289325507 1.56063993818067e-05
55.1724568965349 0.000478945599382385
55.2268050859363 0.000685623999382712
55.8659108938537 -5.99648006184283e-05
55.9016994374947 0.000447275999382324
56.5685424949238 -2.10192006177001e-05
56.5862174031804 -4.88576006184571e-05
57.2800139664787 0.000119472799381681
57.9827560572969 -2.5518400618374e-05
