# Lattice: 60^2 B = 0 iterations = 50000 Algorithm: metro
# radius correlation
0 0.0104525423992994
1 0.0079996631992969
1.4142135623731 0.00767112759929683
2 0.00706881013262896
2.23606797749979 0.00707419299929583
2.82842712474619 0.00695395719929573
3 0.00625683919929463
3.16227766016838 0.0065844549992953
3.60555127546399 0.00665390479929544
4 0.00590978826596102
4.12310562561766 0.00606353799929492
4.24264068711928 0.00659369519929542
4.47213595499958 0.00609330219929496
5 0.00572961279929433
5.09901951359278 0.00548539819929408
5.3851648071345 0.00554476939929423
5.65685424949238 0.00575285679929469
5.8309518948453 0.00543463839929412
6 0.00490936906596009
6.08276253029822 0.00505545059929365
6.32455532033676 0.00509592219929363
6.40312423743285 0.00542442879929414
6.70820393249937 0.00488547679929345
7 0.00465687413262637
7.07106781186548 0.00480903719929335
7.21110255092798 0.0048248217992935
7.28010988928052 0.00463699639929298
7.61577310586391 0.00444778239929269
7.81024967590665 0.00464440259929336
8 0.00455258293262593
8.06225774829855 0.00446173439929285
8.24621125123532 0.00434720599929268
8.48528137423857 0.00449432399929323
8.54400374531753 0.0042269439992926
8.60232526704263 0.00415655099929257
8.94427190999916 0.00412804439929235
9 0.00429883039929241
9.05538513813742 0.00443689159929281
9.21954445729289 0.00416177369929255
9.4339811320566 0.00400702259929238
9.48683298050514 0.00393796579929218
9.8488578017961 0.00377930199929183
9.89949493661167 0.00435495279929302
10 0.00384725211357769
10.0498756211209 0.00394862079929209
10.1980390271856 0.00390862079929205
10.295630140987 0.00376665579929217
10.4403065089106 0.00374872559929186
10.6301458127346 0.00446455979929315
10.770329614269 0.00355906619929164
10.816653826392 0.00372712739929208
11 0.00315513306595753
11.0453610171873 0.00359917099929168
11.1803398874989 0.00347897449929157
11.3137084989848 0.00497416679929374
11.4017542509914 0.0038175072992921
11.6619037896906 0.00347801819929169
11.7046999107196 0.0033901927992913
12 0.00294284773262384
12.0415945787923 0.00394181299929233
12.0830459735946 0.00313964259929116
12.1655250605964 0.00346893519929158
12.2065556157337 0.00364890899929175
12.369316876853 0.00333825399929151
12.5299640861417 0.00314982599929112
12.6491106406735 0.00324938059929129
12.7279220613579 0.0039577823992922
12.8062484748657 0.00385838499929204
13 0.00297546662786219
13.0384048104053 0.00325381729929137
13.1529464379659 0.00335927579929142
13.3416640641263 0.00315940679929118
13.4164078649987 0.00286110979929068
13.4536240470737 0.00352943299929157
13.6014705087354 0.00313974739929113
13.8924439894498 0.00278108359929058
13.9283882771841 0.00300011419929094
14 0.00263691466595676
14.0356688476182 0.00316872559929129
14.142135623731 0.00301923213262442
14.2126704035519 0.00289205299929056
14.3178210632764 0.00292500939929088
14.422205101856 0.00271239359929032
14.560219778561 0.00297977359929096
14.7648230602334 0.00278150279929053
14.8660687473185 0.00271176479929042
15 0.00232692754214687
15.0332963783729 0.00289932819929095
15.1327459504216 0.00294843739929111
15.2315462117278 0.00281131939929058
15.2643375224737 0.00225417519928964
15.2970585407784 0.00287993079929083
15.52417469626 0.00283037619929073
15.556349186104 0.00246475159928974
15.6204993518133 0.00212480399928944
15.6524758424985 0.00253221019929019
15.8113883008419 0.00239727569929003
16 0.00215687973262293
16.0312195418814 0.00316506628500587
16.1245154965971 0.00267372874595725
16.1554944214035 0.0026803237992906
16.2788205960997 0.00274849322595729
16.4012194668567 0.00179574719928897
16.4924225024706 0.00334882171357736
16.5529453572468 0.00242097879929024
16.6433169770932 0.00178593059928892
16.7630546142402 0.00309871062786263
16.9705627484771 0.00178600919928892
17 0.00205288137071799
17.0293863659264 0.00241872085262351
17.0880074906351 0.00293880045643388
17.1172427686237 0.00333583611357756
17.2046505340853 0.00171726679928869
17.2626765016321 0.00348458719929196
17.464249196573 0.00292165759929104
17.4928556845359 0.00174535419928896
17.6918060129541 0.00144805279928831
17.7200451466693 0.00320042994214866
17.8044938147649 0.0015374239992885
17.8885438199983 0.00184791565643196
18 0.00235660026595656
18.0277563773199 0.00247586010363799
18.1107702762748 0.00334628899929179
18.2482875908947 0.00343744179929173
18.3575597506858 0.00157603539928872
18.3847763108502 0.00192617439928928
18.4390889145858 0.00226831059928977
18.6010752377383 0.00143826239928825
18.6815416922694 0.00300995699929096
18.7882942280559 0.00167543908500337
18.8679622641132 0.00150682139928854
18.9736659610103 0.00259118839929039
19 0.00282915946595804
19.0262975904404 0.0041241583992942
19.1049731745428 0.00212895546595642
19.2093727122985 0.00111865539928788
19.2353840616713 0.00308733007929167
19.313207915828 0.00220325819928971
19.4164878389476 0.0024861083992905
19.6468827043885 0.00484604479929468
19.6977156035922 0.0014264283992885
19.723082923316 0.0019447690659559
19.7989898732233 0.000593083199286748
19.8494332412792 0.000761563599287127
19.9248588451713 0.00468688319929442
20 0.00158496596292522
20.0249843945008 0.00406504919929407
20.0997512422418 0.00454295319929479
20.1246117974981 0.00133642839928841
20.2237484161567 0.00492457759929499
20.2484567313166 0.00264366879929063
20.3960780543711 0.00490426319929499
20.5182845286832 0.000562585399286802
20.591260281974 0.00135776459928826
20.6155281280883 0.00235080849929021
20.8086520466848 0.00163894079928883
20.8806130178211 0.00476793119929436
21 0.00282901973262469
21.0237960416286 0.00335089179929257
21.095023109729 0.00231949413262367
21.1896201004171 0.00409170399929318
21.2132034355964 0.00267856839929083
21.2602916254693 0.000712008999287028
21.3775583264319 0.0048848919992949
21.4009345590327 0.00136250399928807
21.4709105535839 0.00259783479929088
21.540659228538 0.00287600079929137
21.5870331449229 0.00490609719929475
21.6333076527839 0.00127800039928815
21.8403296678416 0.00484646399929464
21.9317121994613 0.00128177039928809
21.9544984001001 0.00249725839929082
22 0.00285568639929138
22.0227155455452 0.00255606703929049
22.0907220343745 0.00456504919929457
22.1359436211787 0.00415070839929338
22.2036033111745 0.00247396279929033
22.3606797749979 0.00371049879929296
22.4722050542442 0.00263788719929088
22.561028345357 0.00484536359929477
22.6274169979695 0.000694812399286648
22.6715680975093 0.0010728037326206
22.8035085019828 0.00248258573262342
22.8254244210267 0.00241919719929048
22.8473193175917 0.00247715359929082
23 0.00309435893262514
23.0217288664427 0.00356267339929253
23.0867927612304 0.00456759059929422
23.1948270094864 0.00496352959929514
23.259406699226 0.00243804439929066
23.3238075793812 0.00248055959929036
23.3452350598575 0.00241498047928996
23.4093998214393 0.00283631519929128
23.43074902772 0.00100253299928725
23.5372045918796 0.00486447279929494
23.6008474424119 0.00262480399928991
23.7065391822594 0.0024182539992906
23.7697286480094 0.0036527257992926
23.8537208837531 0.00256192199929026
24 0.00312144479929181
24.0208242989286 0.00470400119929484
24.0416305603426 0.00323156986595809
24.0831891575846 0.00213010826595629
24.1660919471891 0.00245825399929064
24.1867732448956 0.00368233279929267
24.2074368738204 0.00210815759928895
24.3310501211929 0.00488651639929469
24.3515913237718 0.00301652479929143
24.4131112314674 0.00264375599929006
24.5153013442625 0.00484583519929471
24.5967477524977 0.00237830639929054
24.6981780704569 0.00256021899929047
24.738633753706 0.0047683503992943
24.7588368062799 0.000727429599286789
24.8394846967484 0.00109151119928749
25 0.00325875418110959
25.0199920063936 0.00472363439929488
25.0599281722833 0.00239903999929045
25.0798724079689 0.00356217559929259
25.1793566240283 0.00482567799929473
25.2388589282479 0.00244522319928969
25.298221281347 0.00323531959929185
25.3179778023443 0.00488787879929448
25.4558441227157 0.000754078799286795
25.4950975679639 0.00279398559929083
25.5538646783613 0.00268349399929013
25.6124969497314 0.00115135399928756
25.6320112359526 0.0025987255992907
25.7099202643649 0.00484908399929426
25.8069758011279 0.00184836719928863
25.9422435421457 0.00252061199929038
25.9615099714943 0.0045719659992936
26 0.00281137942786261
26.0192236625154 0.00476614959929461
26.0768096208106 0.00364584359929217
26.1725046566048 0.00254155519929028
26.2488094968134 0.00213213279928959
26.3058928759318 0.00484861239929435
26.4007575648882 0.00193545899928915
26.4196896272458 0.00284055959929072
26.4764045897475 0.00485002719929414
26.5706605111728 0.00271914479929078
26.6270539113887 0.00184794799928875
26.6833281282527 0.00480955559929419
26.8328157299975 0.00264134559929041
26.8700576850888 -3.56320071426275e-06
26.9072480941474 0.000235283999286129
26.9258240356725 0.00331223359929141
27 0.00322936906595835
27.0185121722126 0.00297230765643405
27.0739727413618 0.00478578279929467
27.1661554144122 0.00486761679929454
27.2029410174709 0.00265352019929012
27.2946881279124 0.00397372139929278
27.3130005674953 0.0026399831992906
27.459060435492 0.00339869939929152
27.5136329843952 0.00337647239929184
27.5862284482674 -4.40160071418783e-06
27.6586333718787 0.00264304859929017
27.7308492477241 0.00264160759929039
27.7848879788996 0.00264543279928989
27.8028775489157 0.000634201065953318
27.8567765543682 0.00311862079929123
27.8926513619627 0.00511159919929419
28 0.00328256266595846
28.0178514522438 0.00301919719929108
28.0713376952364 0.00480824559929438
28.1602556806574 0.00468110139929384
28.1780056072107 0.0029213979992907
28.2311884269862 0.00303898759929114
28.2842712474619 0.00402217727929277
28.3019433961698 0.00168988679928828
28.3196045170126 -5.03040071409e-06
28.4253408071038 0.000196384399285904
28.4429253066558 0.00518955559929457
28.4604989415154 0.0037556863992923
28.6006992921502 0.000713362665953491
28.6356421265527 0.00411644619929254
28.6530975637888 0.00264553759928984
28.7923600977759 0.00323762519929152
28.8444102037119 0.00119266399928744
28.8617393793236 0.00535217559929441
29 0.00198549567928918
29.0172362570938 0.00482609719929467
29.0688837074973 0.00315514479929123
29.1204395571221 0.00485338079929368
29.1547594742265 0.0033528449326247
29.2061637330205 0.000295860399286113
29.2745623366089 0.00514903159929461
29.4108823397055 0.00249820639928993
29.4278779391243 0.00538934599929478
29.5296461204668 0.00292443719929028
29.5465734053883 0.00330087399929116
29.6141857899217 0.00547112759929463
29.6816441593117 0.00117234959928744
29.698484809835 -3.98240071419753e-06
29.732137494637 0.002264105332623
29.8328677803526 0.00359411999929145
29.9666481275434 0.00338197439929105
30 0.00157620502785992
30.0166620396073 0.00361851599929178
30.0665927567458 0.00482871719929431
30.0832179129826 0.00415649859929257
30.1496268633627 0.00494960799929431
30.2324329156619 0.0006607279992867
30.2654919008431 0.0051892935992946
30.364452901378 0.0040176251992923
30.4138126514911 0.0035970731192914
30.4630924234556 0.00334165999929104
30.4795013082563 0.000116751199285781
30.5286750449475 0.00169130159928813
30.5941170815567 0.0055117563992946
30.6104557300279 -2.93440071436057e-06
30.6757233003559 0.00348034999929137
30.8058436014987 0.0028442799992902
30.8706980808663 0.00348244599929109
30.886890422961 0.00302553759929022
31 0.00341729333262505
31.0161248385416 0.00423521479929284
31.04834939252 0.00477531959929337
31.0644491340181 0.00353419405643436
31.1126983722081 0.000236436799285977
31.1448230047949 0.00359160479929181
31.2409987036266 0.000275598399286092
31.2569992161756 0.0052108655992944
31.3049516849971 0.00354249839929116
31.3209195267317 0.00391788719929215
31.3847096529504 0.00284483019929013
31.4006369362152 0.00359289733262493
31.5753068076939 0.00543427159929413
31.6227766016838 0.00210648079928917
31.7647603485372 0.00338564239929057
31.7804971641414 0.00420828019929238
31.8276609256791 0.000753502399286898
31.8904374382039 0.00047496959928639
31.9061122670876 0.00238945013262237
31.9530906173409 0.00326150279929102
32 0.00338985813262516
32.0156211871642 0.003753824319292
32.0624390837628 0.00499097039929416
32.1403173599764 0.00491207079929393
32.2024843762092 0.00267963946595643
32.2490309931942 0.00378058579929164
32.2800247831379 0.00375835879929196
32.310988842807 0.00314307479929068
32.3882694814033 0.00511427159929387
32.4499614791759 0.0010733451992872
32.5269119345812 0.000793083199286948
32.5576411921994 0.00364825679929139
32.5729949498047 0.00332019279929127
32.649655434629 0.00240225946595581
32.6955654485436 0.00310459439929045
32.7566787083184 0.00379914719929148
32.8024389337135 0.00119287359928738
32.8937684067971 0.00302317959929058
32.9848450049413 0.00369893519929179
33 0.00325917973262468
33.0151480384384 0.00372560186595849
33.0605505096331 0.00485138959929396
33.1058907144937 0.00302642839929013
33.1209903233584 0.00260852439928938
33.1360830515618 0.00487180879929394
33.2415402771893 0.0033191921135767
33.2866339541865 0.00117198279928749
33.3016516106934 0.000833292799286955
33.3766385365573 0.00487547679929345
33.4215499341368 0.00107350239928722
33.5261092284804 0.00322260319929082
33.5410196624968 0.00390137179929166
33.6005952328229 0.00115329279928728
33.6154726279432 0.00275268914214691
33.734255586866 0.0042385683992924
33.8378486313773 0.00242693493262277
33.9411254969543 0.000791615999287121
33.9558536926993 0.00356103119929138
33.9705755029261 0.000873292799287051
34 0.00295609782786169
34.0147027033899 0.00371076919929156
34.0587727318528 0.00351275759929154
34.132096331752 0.0030134939992905
34.1760149812701 0.00260689999928959
34.2052627529741 0.00255901066595643
34.2344855372474 0.0046757387992932
34.3656805548792 0.00461820159929283
34.4093010681705 0.000954131199287001
34.4383507154451 0.00246768599928937
34.4818792991333 0.00301389942786166
34.5253530032641 0.00433856839929248
34.5398320783411 0.00236810519928923
34.6554469023269 0.000953816799287022
34.6698716467194 0.00111255919928738
34.7131099154196 0.00286466426595687
34.7850542618522 0.00274721439928971
34.828149534536 0.000834026399286869
34.8855270850248 0.00236784319928926
34.928498393146 0.00275558999928995
34.9857113690718 0.00143135399928782
35 0.00232216639928944
35.0142828000232 0.00487516239929348
35.0570962859162 0.00485636759929331
35.1140997321589 0.0022884195992891
35.1283361405006 0.00483799199929305
35.1710107901379 0.00316312719929071
35.2278299076171 0.00313087679929051
35.3411940941446 0.00220993919928883
35.3553390593274 0.00315430619929054
35.3836120259083 0.000792978399286992
35.4400902933387 0.00282370359929029
35.4682957019364 0.00171032346595492
35.5105618091294 0.00295848666595688
35.6089876295297 0.00055580799928634
35.6931365951495 0.00354249839929116
35.7351367704113 0.00248831479928932
35.7770876399966 0.00224993919928887
35.8050275799363 7.72751992856868e-05
35.8468966578698 0.00181027979928836
35.9026461420325 0.00300375599929045
36 0.0032621839992909
36.0138862107382 0.00481704879929321
36.0555127546399 0.00287322319929011
36.0693775937429 0.000554340799286568
36.1247837363769 0.00337066719929076
36.1386219991853 0.0027660091992899
36.2215405525497 0.00424103119929203
36.2353418639869 0.00173515487928817
36.2491379207837 0.00214899599928892
36.3455636907725 0.00352386079929096
36.3593179253957 0.001712244799288
36.4005494464026 0.00192648415928847
36.4965751817893 0.00328448959929059
36.6196668472011 7.38167992861416e-05
36.6742416417845 0.00251810519928937
36.6878726556883 0.0024279479992893
36.7151195013716 0.00157151119928792
36.7695526217005 0.00179890335928827
36.7967389859482 0.000355598399286172
36.8781778291715 0.00194938026595531
36.8917334913934 0.000554759999286503
37 0.00268390811357542
37.0135110466435 0.00313227413262364
37.0540146272978 0.00460066439929249
37.1079506305589 0.00258758119928953
37.1214223865412 0.00359573851357669
37.1618083521241 0.00209156359928847
37.2021504754766 3.67511992857006e-05
37.2155881318568 0.00330550266595716
37.3363094051889 0.00277781699928965
37.3630833845388 0.00246857679928925
37.4432904536981 0.000276436799285962
37.4833296279826 0.00220124639928907
37.5366487582469 0.000194131199286185
37.5765884561119 0.00206983439928868
37.589892258425 0.00145276879928768
37.6430604494374 0.00159116186595469
37.6563407675255 0.00258695239928958
37.6961536499415 0.00207009639928865
37.7359245282264 0.000872244799287158
37.8021163428716 -1.78160071451217e-06
37.8549864614954 0.00250915319928921
37.9473319220206 0.00226852439928907
38 0.0031575434659572
38.0131556174964 0.00265406737706738
38.0525951808809 0.00426207919929192
38.0788655293195 0.00219718463928891
38.1182371050918 0.00430202679929198
38.1837661840736 7.58079992858596e-05
38.2099463490856 0.00244117653262264
38.2753184180093 0.0014994703992877
38.2883794381533 7.27687992863046e-05
38.3275357934736 0.00282765979928973
38.4187454245971 -3.87760071424159e-06
38.4707681233427 0.00213962479928878
38.4837628097877 0.00199130159928843
38.5875627631495 0.00115434079928717
38.6005181312376 0.00137828266595443
38.6264158316559 0.00200910079928876
38.6393581727233 0.00246862919928922
38.8329756778952 0.00153824773262123
38.8973006775534 0.00127210506595423
38.9101529166874 0.00214965973262212
38.9486841883009 0.00103344999928714
39 0.00238883131357486
39.0128184062623 0.00402338919929152
39.0512483795333 0.00238047199928917
39.1152144312159 0.00252218959928926
39.2045915678253 0.00204334239928862
39.2173431022552 0.00181067279928834
39.293765408777 0.00188957239928855
39.319206502675 0.00280758119928973
39.3573373083089 0.00135193039928769
39.3954312071844 0.00177072519928825
39.4081209904761 -4.40160071418783e-06
39.446165846632 0.00147371199928759
39.4588393138977 0.00233004399928891
39.560080889705 0.00173072519928823
39.5979797464467 7.62271992857944e-05
39.6232255123179 0.00145849226595446
39.6610640301039 3.5912799285831e-05
39.6988664825584 7.6855999285752e-05
39.8120584747888 0.00192280502785975
39.8246155034798 0.00103245439928729
39.8497176903426 0.00159098719928805
39.9249295553543 0.00163271639928786
39.9624824053762 0.000913921599286938
40 0.00175073567928825
40.0124980474851 0.00356648079929064
40.024992192379 0.00139255919928763
40.0499687890016 0.00344590439929057
40.1123422402632 0.00304731919929002
40.1621712560464 0.00159119679928804
40.1995024844836 0.00264862919928943
40.2243707222375 -3.45840071430681e-06
40.2492235949962 0.00137161599928776
40.2616442783948 0.000953764399287016
40.3112887414927 0.00171760146595484
40.3608721412211 0.000355598399286172
40.4474968323134 0.00185193039928819
40.4598566482878 7.53887992859248e-05
40.4969134626332 0.000913921599286956
40.5215991787096 0.000754864799286686
40.6078810084939 0.00107350239928718
40.7062648740952 0.00207004399928867
40.7185461430047 0.00159231466595455
40.7921561087423 0.0013921923992877
40.8044115262063 0.000462265065952964
40.8166632639171 0.0015128735992877
40.853396431631 0.00107339759928718
41 0.00162413508500252
41.0121933088198 0.00242030431928923
41.0365690573664 0.000754864799286659
41.0487515035476 0.0017775141326216
41.1096095821889 0.00136734351928779
41.146081222882 0.00137287359928759
41.182520563948 0.0019913015992884
41.194659848092 0.00223004399928881
41.2310562561766 0.000658676159286609
41.3037528561268 0.00199145879928836
41.3400532171888 0.000393187999286559
41.4004830889689 -4.40160071418783e-06
41.4366987102013 0.000992821199287217
41.4849370253831 0.000514812399286468
41.5932686861708 0.00148508906595451
41.6173040933696 7.65415992857732e-05
41.6293165929973 0.00103168586595407
41.6773319683494 0.0017518255992881
41.7252920900501 0.00095496959928687
41.7612260356422 0.000255807999286067
41.7731971484108 0.000940064265953722
41.7851648315524 0.000314864799286246
41.8688428309166 0.000433292799286555
41.8807831827438 0.000116122399285878
41.9761837236307 0.000733187999286899
42.0119030752 3.65415992857332e-05
42.0475920832573 0.00111229719928738
42.0594816896262 0.000767045332620194
42.154477816716 0.000355493599286216
42.190046219458 0.00107423599928708
42.2018956920184 0.000328093332619628
42.3792402008342 0.000214393199286234
42.4264068711929 0.00119266399928741
42.4381903478459 -3.56320071426275e-06
42.4499705535822 0.000660308799286746
42.485291572496 0.00191109199928835
42.5205832509386 0.000953921599287033
42.5440947723653 0.00108062207928732
42.6380112106557 0.00023580799928602
42.7200187265877 0.000275032479286175
42.8018691180654 0.000114340799286128
42.9418211071678 0.00183193039928814
42.9534631898291 0.000852716399287079
43.0116263352131 3.52839992859288e-05
43.0464865000618 0.00170910079928843
43.081318457076 0.00043428839928647
43.139309220246 0.00143276879928766
43.1856457633784 0.00119329279928732
43.2666153055679 0.000236331999285966
43.2781700167648 0.000593607199286694
43.3243580448689 0.000156122399285918
43.3820239269677 0.000952559199287217
43.4165866921848 0.000933135599287094
43.4626276242015 0.000608512532619806
43.5660418215839 0.00111276879928734
43.6004587131833 0.00015622719928593
43.6577599058861 0.000275598399286092
43.8292140016223 0.000673502399286818
43.8406204335659 0.0017505679992883
43.8634243989226 0.00101992453262049
43.9089968002003 0.00151025359928808
43.9317652729776 0.000874445599286844
44.0113621693308 0.000534812399286461
44.0454310910905 0.000394026399286429
44.1021541423999 0.000632663999286909
44.2040722106007 0.000113816799286182
44.2831796509691 0.000475703199286304
44.2944691807002 0.00139119679928784
44.3846820423443 0.000688302932619937
44.407206622349 7.57031992859036e-05
44.4184646290256 0.00139130159928785
44.5533388198909 0.00175119679928815
44.5982062419555 0.00103371199928715
44.6542271235322 0.000155388799286005
44.6878059430087 0.000713292799286835
44.7213595499958 0.000754131199286745
44.7772263544762 0.00117926079928743
44.8218696620299 0.000314026399286349
44.9444101084885 0.000832139999287163
45 7.68559992856965e-05
45.1774279923061 0.000952244799287238
45.18849411078 0.000156122399285918
45.2216762183801 7.50743992860015e-05
45.254833995939 0.00151098719928799
45.2769256906871 0.00115402639928719
45.3431361950185 0.000873607199286974
45.453272709454 0.000395912799286191
45.4862616621766 0.000275283999286169
45.6070170039655 0.000234759999286183
45.6179789118282 0.000195703199286024
45.6508488420533 0.00115130159928761
45.7930125674212 0.000792768799287025
45.8039299623951 -3.98240071425304e-06
45.9673797382448 0.00131318799928748
46.0108682813094 0.000873816799286942
46.0434577328854 0.000155912799285951
46.0651712251241 0.000394550399286375
46.0977222864644 0.000554235999286612
46.1410879802373 0.00103172079928737
46.2276973253049 0.000115283999285953
46.3249392876019 0.000554340799286568
46.4004310324807 -4.50640071414377e-06
46.5295604965274 0.000873816799286942
46.6154480832267 -3.24880071428391e-06
46.6476151587624 0.00075538879928666
46.6690475583121 0.00135245439928766
46.690470119715 0.00103308319928719
46.7546789102438 0.000754026399286789
46.8614980554399 0.000196646399285905
46.8721665810319 0.000355493599286216
47.0106370941726 0.000475493599286309
47.169905660283 0.000555703199286384
47.2016948848238 -4.08720071420898e-06
47.3814309619285 0.00119213999928752
47.4236228055175 0.000952873599287196
47.4341649025257 7.35023992862183e-05
47.5078940808788 0.000794445599286764
47.6340214552582 0.000275179199286157
47.7074417675063 0.000353921599286433
47.8016736108685 0.000115283999285953
48.0104155366312 -2.3056007144584e-06
48.0208288141719 0.000675179199286557
48.0832611206852 0.00103371199928715
48.1040538832228 0.00095318799928712
48.1663783151692 0.000793711999286906
48.2597140480546 0.000156122399285918
48.2700735445887 0.00079455039928672
48.4148737476408 0.000474026399286509
48.5489443757534 0.000434445599286459
48.6004115208915 -5.65920071399217e-06
48.7954915950234 0.000835388799286685
48.8262224629348 -3.35360071429536e-06
48.8364617882991 0.000715388799286565
48.91829923454 0.00107392159928715
49.0407993409569 0.000834550399286815
49.0917508345343 0.000195493599286056
49.2036584005702 0.000673397599286807
49.4064773081425 -3.35360071429536e-06
49.4974746830583 0.000714340799286672
49.5176736125598 0.000554864799286459
49.5782210249622 0.000714445599286684
49.6487663492256 -4.50640071414377e-06
49.6789693934969 0.000832035199287151
49.8196748283246 0.000792035199287111
50 0.000794131199286785
50.2095608425328 0.000315283999286153
50.2195181179589 0.000117799199285618
50.2493781056044 0.000554550399286535
50.3289181286465 0.000713083199286924
50.4479930225178 0.000792768799287025
50.60632371552 0.000794131199286785
50.8035431835222 0.000435493599286241
50.9116882454314 -4.61120071415522e-06
50.9313263129874 0.000194759999286143
50.9901951359278 0.00035496959928627
51.0881590977792 0.000555598399286372
51.2249938994628 0.00075496959928667
51.4003891035856 0.000634550399286615
51.6236379965612 -3.45840071430681e-06
51.662365412358 0.000153292799286275
51.7397332811061 0.000355179199286237
51.8555686498567 0.000476227199286194
52.0096144957834 0.00075455039928668
52.3259018078045 -5.44960071402478e-06
52.3450093132096 7.48647992860341e-05
52.4022900262956 0.000154864799286059
52.4976189936268 0.000314759999286263
52.6307894677631 0.000354445599286324
53.0377224247045 0.000115179199285997
53.0754180388624 0.000114864799286019
53.1507290636732 0.000115703199285944
53.2634959423431 0.000116017599285867
53.7401153701776 0.00015580799928594
53.7587202228625 0.000156436799285897
53.8144961882948 0.000155703199285984
53.9073278877742 -3.56320071426275e-06
54.4518135602479 0.000156646399285809
54.4885309033011 0.000194340799286208
54.561891462815 0.000116017599285867
55.1543289325507 7.58079992858596e-05
55.1724568965349 0.000274759999286223
55.2268050859363 0.000274131199286265
55.8659108938537 0.000355283999286249
55.9016994374947 0.000513502399286603
56.5685424949238 0.000715179199286653
56.5862174031804 0.000555074399286426
57.2800139664787 0.0012331879992874
57.9827560572969 0.00159140639928801
